Inserção Direta     	|0	49.00	0	2671	|0	2545.00	0	65957	|0	2547.00	0	31041
Inserção Binária    	|0	49.00	0	0	|0	2545.00	0	0	|0	2547.00	0	0
Seleção             	|0	49.00	0	6794	|0	2545.00	0	7960	|0	2547.00	0	7500
Bolha               	|1225	49.00	0	3873	|1225	2545.00	2450	128210	|1225	2547.00	1112	60004
Shake               	|1225	49.00	0	3732	|1225	2545.00	2450	129350	|1225	2547.00	1112	59460
Shell               	|0	0.00	0	0	|0	0.00	0	0	|0	0.00	0	0
Heap                	|0	0.00	0	26749	|0	0.00	0	22622	|0	0.00	0	25060
Quick s/ pivô       	|0	0.00	0	3261	|0	0.00	0	5566	|0	0.00	0	8256
Quick c/ pivô       	|0	0.00	0	11393	|0	0.00	0	11463	|0	0.00	0	15082
Merge 1a Implement  	|0	0.00	0	0	|0	0.00	0	0	|0	0.00	0	0
Merge 2a Implement  	|0	0.00	0	0	|0	0.00	0	0	|0	0.00	0	0
Counting            	|0	0.00	0	2764	|0	0.00	0	2868	|0	0.00	0	2517
Bucket              	|0	0.00	0	7301	|0	0.00	0	12979	|0	0.00	0	10868
